14061
60631
28438
60592
30823
4134
32505
27715
22773
131090
135905
55330
16629
4755
53363
34549
135330
47285
60798
207590
203087
198651
43289
14576
207319
201978
208425
201094
18978
52000
204601
199883
8220
36351
45011
8560
23969
45629
20207
6471
8075
45899
31400
208556
12271
7552
26496
21769
6876
45102
5617
199490
35816
131293
20860
31898
131428
8881
25429
29802
4788
3326
39284
13448
46484
174
577
29286
5056
9009
63949
212708
40788
12989
11351
11426
7029
42652
18403
54538
209
62044
3269
395003
8100
4190
12874
19740
197540
45458
136258
50837
51852
4826
195
49588
57613
34248
197099
29287
29066
30083
9534
42905
35804
45012
7303
25961
61317
5610
35320
262187
263693
20552
266706
49327
47232
32098
28429
3255
28431
14117
18734
24088
263196
41096
52228
8069
398101
28725
132196
61154
58199
6877
265537
32097
62240
3329
6830
133199
12334
270110
22884
54600
213375
206092
41009
213251
36444
16509
11878
46261
46664
207990
611
132203
132153
136907
396982
27176
14618
212238
24940
50613
12876
63199
45090
16276
18779
203999
55286
60781
64267
210558
3462
4766
8151
4314
3223
2514
63473
397336
46562
39690
62567
135340
200130
201229
202018
202109
205301
393406
394362
2
398712
398324
3352
397373
13768
202425
137409
400536
10753
198953
53831
6461
394814
38731
399486
136557
135377
136787
49825
400175
20454
63023
12552
47583
210644
25369
42926
394711
399646
206264
42831
53667
200651
25513
51396
47066
1101
208323
39043
51290
4224
31200
133301
36352
62282
58519
48090
208226
200000
42730
56655
140389
51747
202306
214940
12816
216071
401115
399629
34665
44050
48282
398705
211298
401116
136195
14987
47890
